! Noise resistance data from lna_input_chain_ro4003_75ohm.s2p
! Columns: freq [GHz], r_0 = Rn/Z0 (normalized, Z0=50 ohm)
0.30   0.041964
0.31   0.041918
0.32   0.041871
0.33   0.041834
0.34   0.041786
0.35   0.041738
0.36   0.041689
0.37   0.041641
0.38   0.041592
0.39   0.041542
0.40   0.041492
0.41   0.041442
0.42   0.041392
0.43   0.041351
0.44   0.041300
0.45   0.041249
0.46   0.041197
0.47   0.041145
0.48   0.041093
0.49   0.041040
0.50   0.040988
0.51   0.040935
0.52   0.040881
0.53   0.040838
0.54   0.040784
0.55   0.040730
0.56   0.040675
0.57   0.040621
0.58   0.040566
0.59   0.040511
0.60   0.040456
0.61   0.040401
0.62   0.040345
0.63   0.040289
0.64   0.040243
0.65   0.040187
0.66   0.040130
0.67   0.040074
0.68   0.040017
0.69   0.039960
0.70   0.039903
0.71   0.039846
0.72   0.039788
0.73   0.039730
0.74   0.039683
0.75   0.039625
0.76   0.039567
0.77   0.039508
0.78   0.039450
0.79   0.039392
0.80   0.039333
0.81   0.039275
0.82   0.039216
0.83   0.039157
0.84   0.039108
0.85   0.039049
0.86   0.038990
0.87   0.038930
0.88   0.038871
0.89   0.038812
0.90   0.038752
0.91   0.038693
0.92   0.038633
0.93   0.038574
0.94   0.038514
0.95   0.038464
0.96   0.038405
0.97   0.038345
0.98   0.038285
0.99   0.038225
1.00   0.038166
1.01   0.038106
1.02   0.038046
1.03   0.037986
1.04   0.037927
1.05   0.037876
1.06   0.037817
1.07   0.037757
1.08   0.037698
1.09   0.037638
1.10   0.037578
1.11   0.037519
1.12   0.037460
1.13   0.037400
1.14   0.037341
1.15   0.037291
1.16   0.037232
1.17   0.037173
1.18   0.037114
1.19   0.037055
1.20   0.036996
1.21   0.036938
1.22   0.036879
1.23   0.036821
1.24   0.036762
1.25   0.036704
1.26   0.036656
1.27   0.036598
1.28   0.036540
1.29   0.036483
1.30   0.036425
1.31   0.036368
1.32   0.036311
1.33   0.036254
1.34   0.036197
1.35   0.036141
1.36   0.036094
1.37   0.036038
1.38   0.035982
1.39   0.035927
1.40   0.035871
1.41   0.035816
1.42   0.035761
1.43   0.035707
1.44   0.035652
1.45   0.035598
1.46   0.035554
1.47   0.035500
1.48   0.035447
1.49   0.035394
1.50   0.035341
