! NFmin data from lna_input_chain_ro4003_75ohm.s2p
! Columns: freq [GHz], NFmin [dB]
0.30   0.206860
0.31   0.206648
0.32   0.206436
0.33   0.206213
0.34   0.206000
0.35   0.205776
0.36   0.205562
0.37   0.205347
0.38   0.205122
0.39   0.204907
0.40   0.204691
0.41   0.204465
0.42   0.204248
0.43   0.204031
0.44   0.203804
0.45   0.203586
0.46   0.203368
0.47   0.203140
0.48   0.202922
0.49   0.202693
0.50   0.202474
0.51   0.202255
0.52   0.202025
0.53   0.201805
0.54   0.201585
0.55   0.201355
0.56   0.201135
0.57   0.200914
0.58   0.200683
0.59   0.200462
0.60   0.200230
0.61   0.200009
0.62   0.199787
0.63   0.199555
0.64   0.199333
0.65   0.199111
0.66   0.198878
0.67   0.198655
0.68   0.198432
0.69   0.198199
0.70   0.197976
0.71   0.197753
0.72   0.197519
0.73   0.197296
0.74   0.197062
0.75   0.196838
0.76   0.196614
0.77   0.196380
0.78   0.196155
0.79   0.195931
0.80   0.195696
0.81   0.195471
0.82   0.195247
0.83   0.195012
0.84   0.194786
0.85   0.194551
0.86   0.194326
0.87   0.194100
0.88   0.193865
0.89   0.193639
0.90   0.193413
0.91   0.193177
0.92   0.192951
0.93   0.192725
0.94   0.192489
0.95   0.192263
0.96   0.192037
0.97   0.191800
0.98   0.191574
0.99   0.191337
1.00   0.191110
1.01   0.190884
1.02   0.190647
1.03   0.190420
1.04   0.190193
1.05   0.189956
1.06   0.189728
1.07   0.189501
1.08   0.189264
1.09   0.189037
1.10   0.188799
1.11   0.188572
1.12   0.188344
1.13   0.188106
1.14   0.187879
1.15   0.187651
1.16   0.187413
1.17   0.187185
1.18   0.186957
1.19   0.186719
1.20   0.186491
1.21   0.186263
1.22   0.186025
1.23   0.185797
1.24   0.185559
1.25   0.185331
1.26   0.185102
1.27   0.184864
1.28   0.184636
1.29   0.184407
1.30   0.184169
1.31   0.183940
1.32   0.183712
1.33   0.183473
1.34   0.183245
1.35   0.183006
1.36   0.182777
1.37   0.182549
1.38   0.182310
1.39   0.182081
1.40   0.181852
1.41   0.181614
1.42   0.181385
1.43   0.181156
1.44   0.180917
1.45   0.180688
1.46   0.180459
1.47   0.180220
1.48   0.179991
1.49   0.179752
1.50   0.179523
