! Gamma_opt data from lna_input_chain_ro4003_75ohm.s2p
! Columns: freq [GHz], Re(Gamma_opt), Im(Gamma_opt)
0.30   0.258206   0.031438
0.31   0.256442   0.032250
0.32   0.254682   0.033049
0.33   0.252907   0.033832
0.34   0.251137   0.034604
0.35   0.249370   0.035363
0.36   0.247589   0.036106
0.37   0.245812   0.036837
0.38   0.244030   0.037555
0.39   0.242243   0.038258
0.40   0.240461   0.038949
0.41   0.238673   0.039627
0.42   0.236880   0.040290
0.43   0.235083   0.040939
0.44   0.233290   0.041577
0.45   0.231491   0.042200
0.46   0.229688   0.042809
0.47   0.227890   0.043407
0.48   0.226086   0.043991
0.49   0.224278   0.044561
0.50   0.222464   0.045116
0.51   0.220656   0.045660
0.52   0.218843   0.046189
0.53   0.217034   0.046708
0.54   0.215212   0.047209
0.55   0.213393   0.047699
0.56   0.211580   0.048178
0.57   0.209753   0.048639
0.58   0.207939   0.049093
0.59   0.206112   0.049528
0.60   0.204289   0.049953
0.61   0.202462   0.050363
0.62   0.200630   0.050759
0.63   0.198803   0.051144
0.64   0.196972   0.051514
0.65   0.195145   0.051873
0.66   0.193313   0.052218
0.67   0.191477   0.052548
0.68   0.189646   0.052867
0.69   0.187810   0.053172
0.70   0.185970   0.053461
0.71   0.184134   0.053740
0.72   0.182295   0.054004
0.73   0.180459   0.054258
0.74   0.178620   0.054496
0.75   0.176784   0.054724
0.76   0.174945   0.054937
0.77   0.173101   0.055134
0.78   0.171261   0.055321
0.79   0.169418   0.055493
0.80   0.167578   0.055654
0.81   0.165735   0.055799
0.82   0.163895   0.055934
0.83   0.162060   0.056059
0.84   0.160213   0.056163
0.85   0.158377   0.056261
0.86   0.156530   0.056338
0.87   0.154694   0.056410
0.88   0.152854   0.056466
0.89   0.151010   0.056506
0.90   0.149170   0.056536
0.91   0.147334   0.056555
0.92   0.145494   0.056557
0.93   0.143657   0.056549
0.94   0.141817   0.056524
0.95   0.139980   0.056488
0.96   0.138146   0.056442
0.97   0.136309   0.056379
0.98   0.134475   0.056304
0.99   0.132644   0.056219
1.00   0.130809   0.056117
1.01   0.128977   0.056004
1.02   0.127149   0.055879
1.03   0.125316   0.055737
1.04   0.123494   0.055590
1.05   0.121668   0.055426
1.06   0.119837   0.055243
1.07   0.118017   0.055055
1.08   0.116192   0.054849
1.09   0.114377   0.054639
1.10   0.112558   0.054409
1.11   0.110741   0.054168
1.12   0.108920   0.053907
1.13   0.107109   0.053642
1.14   0.105299   0.053364
1.15   0.103486   0.053067
1.16   0.101681   0.052765
1.17   0.099879   0.052450
1.18   0.098072   0.052115
1.19   0.096273   0.051774
1.20   0.094471   0.051413
1.21   0.092676   0.051046
1.22   0.090883   0.050666
1.23   0.089092   0.050272
1.24   0.087302   0.049864
1.25   0.085515   0.049442
1.26   0.083729   0.049006
1.27   0.081950   0.048564
1.28   0.080172   0.048107
1.29   0.078396   0.047636
1.30   0.076626   0.047157
1.31   0.074853   0.046655
1.32   0.073090   0.046155
1.33   0.071325   0.045630
1.34   0.069565   0.045097
1.35   0.067807   0.044548
1.36   0.066054   0.043992
1.37   0.064306   0.043428
1.38   0.062556   0.042837
1.39   0.060815   0.042247
1.40   0.059076   0.041639
1.41   0.057341   0.041022
1.42   0.055608   0.040387
1.43   0.053880   0.039743
1.44   0.052156   0.039089
1.45   0.050434   0.038415
1.46   0.048717   0.037732
1.47   0.047005   0.037038
1.48   0.045296   0.036333
1.49   0.043593   0.035618
1.50   0.041893   0.034891
